name: poly-dl
channels:
  - conda-forge
  - defaults
dependencies:
  - asttokens=2.2.1=pyhd8ed1ab_0
  - backcall=0.2.0=pyh9f0ad1d_0
  - backports=1.0=pyhd8ed1ab_3
  - backports.functools_lru_cache=1.6.4=pyhd8ed1ab_0
  - bzip2=1.0.8=h8ffe710_4
  - ca-certificates=2022.12.7=h5b45459_0
  - colorama=0.4.6=pyhd8ed1ab_0
  - comm=0.1.2=pyhd8ed1ab_0
  - debugpy=1.6.6=py310h00ffb61_0
  - decorator=5.1.1=pyhd8ed1ab_0
  - executing=1.2.0=pyhd8ed1ab_0
  - importlib-metadata=6.1.0=pyha770c72_0
  - importlib_metadata=6.1.0=hd8ed1ab_0
  - ipykernel=6.22.0=pyh025b116_0
  - ipython=8.11.0=pyh08f2357_0
  - jedi=0.18.2=pyhd8ed1ab_0
  - jupyter_client=8.1.0=pyhd8ed1ab_0
  - jupyter_core=5.3.0=py310h5588dad_0
  - libffi=3.4.2=h8ffe710_5
  - libsodium=1.0.18=h8d14728_1
  - libsqlite=3.40.0=hcfcfb64_0
  - libzlib=1.2.13=hcfcfb64_4
  - matplotlib-inline=0.1.6=pyhd8ed1ab_0
  - nest-asyncio=1.5.6=pyhd8ed1ab_0
  - openssl=3.1.0=hcfcfb64_0
  - packaging=23.0=pyhd8ed1ab_0
  - parso=0.8.3=pyhd8ed1ab_0
  - pickleshare=0.7.5=py_1003
  - pip=23.0.1=pyhd8ed1ab_0
  - platformdirs=3.1.1=pyhd8ed1ab_0
  - prompt-toolkit=3.0.38=pyha770c72_0
  - prompt_toolkit=3.0.38=hd8ed1ab_0
  - psutil=5.9.4=py310h8d17308_0
  - pure_eval=0.2.2=pyhd8ed1ab_0
  - pygments=2.14.0=pyhd8ed1ab_0
  - python=3.10.9=h4de0772_0_cpython
  - python-dateutil=2.8.2=pyhd8ed1ab_0
  - python_abi=3.10=3_cp310
  - pywin32=304=py310h00ffb61_2
  - pyzmq=25.0.2=py310hcd737a0_0
  - setuptools=67.6.0=pyhd8ed1ab_0
  - six=1.16.0=pyh6c4a22f_0
  - stack_data=0.6.2=pyhd8ed1ab_0
  - tk=8.6.12=h8ffe710_0
  - tornado=6.2=py310h8d17308_1
  - traitlets=5.9.0=pyhd8ed1ab_0
  - typing-extensions=4.5.0=hd8ed1ab_0
  - typing_extensions=4.5.0=pyha770c72_0
  - tzdata=2022g=h191b570_0
  - ucrt=10.0.22621.0=h57928b3_0
  - vc=14.3=hb6edc58_10
  - vs2015_runtime=14.34.31931=h4c5c07a_10
  - wcwidth=0.2.6=pyhd8ed1ab_0
  - wheel=0.40.0=pyhd8ed1ab_0
  - xz=5.2.6=h8d14728_0
  - zeromq=4.3.4=h0e60522_1
  - zipp=3.15.0=pyhd8ed1ab_0
  - pip:
    - absl-py==1.4.0
    - aiohttp==3.8.4
    - aiosignal==1.3.1
    - async-timeout==4.0.2
    - attrs==22.2.0
    - cachetools==5.3.0
    - certifi==2022.12.7
    - charset-normalizer==3.1.0
    - contourpy==1.0.7
    - cycler==0.11.0
    - filelock==3.10.0
    - fonttools==4.39.2
    - frozenlist==1.3.3
    - fsspec==2023.3.0
    - google-auth==2.16.2
    - google-auth-oauthlib==0.4.6
    - grpcio==1.51.3
    - idna==3.4
    - jinja2==3.1.2
    - joblib==1.2.0
    - kiwisolver==1.4.4
    - lightning-utilities==0.8.0
    - markdown==3.4.1
    - markupsafe==2.1.2
    - matplotlib==3.7.1
    - mpmath==1.3.0
    - multidict==6.0.4
    - networkx==3.0
    - numpy==1.24.2
    - oauthlib==3.2.2
    - pandas==1.5.3
    - pillow==9.4.0
    - protobuf==4.22.1
    - pyasn1==0.4.8
    - pyasn1-modules==0.2.8
    - pyparsing==3.0.9
    - pytorch-lightning==2.0.0
    - pytz==2022.7.1
    - pyyaml==6.0
    - requests==2.28.2
    - requests-oauthlib==1.3.1
    - rsa==4.9
    - scikit-learn==1.2.2
    - scipy==1.10.1
    - sympy==1.11.1
    - tensorboard==2.12.0
    - tensorboard-data-server==0.7.0
    - tensorboard-plugin-wit==1.8.1
    - threadpoolctl==3.1.0
    - torch==2.0.0
    - torchmetrics==0.11.4
    - tqdm==4.65.0
    - urllib3==1.26.15
    - werkzeug==2.2.3
    - yarl==1.8.2
prefix: C:\Users\Bruger\miniconda3\envs\poly-dl
